0 : 
[[-0.62623371]
 [ 0.78199178]
 [-0.71104146]
 [-0.66609918]]
500 : 
[[ 0.69498703]
 [-0.29859759]
 [-0.2036138 ]
 [-0.25132573]]
1000 : 
[[-0.19746379]
 [-0.04952908]
 [-0.21427994]
 [ 0.22333449]]
1500 : 
[[-0.19002461]
 [ 0.24935173]
 [-0.19601755]
 [-0.00816796]]
2000 : 
[[-0.16748562]
 [ 0.21519085]
 [-0.18255183]
 [-0.00398172]]
2500 : 
[[-0.00384203]
 [-0.10684501]
 [ 0.18910648]
 [-0.08282572]]
3000 : 
[[-0.10773864]
 [ 0.13775236]
 [-0.1383896 ]
 [-0.00169519]]
3500 : 
[[-0.09177787]
 [-0.00157547]
 [-0.12952555]
 [ 0.11526225]]
4000 : 
[[ 0.13610916]
 [-0.10074592]
 [-0.00318718]
 [-0.10040482]]
4500 : 
[[-0.00092266]
 [-0.07580511]
 [ 0.14540401]
 [-0.06606886]]
